00100000000010000000000000001100 2008000c 537395212
00100000000010011111111111111011 2009fffb 537526267
00000001000010010101000000100000 01095020 17387552
00000001000010010101100000100010 01095822 17389602
00000000000010100101100010000000 000a5880 678016
00000000000010100110000001000010 000a6042 680002
00000001011010000000000000011000 01680018 23592984
00000000000000000110100000010010 00006812 26642
00100000000011100000000000000101 200e0005 537788421
00000001101011100000000000011010 01ae001a 28180506
00000000000000000111100000010010 00007812 30738
00000000000000001000000000010000 00008010 32784
00000001001010001000100000101010 0128882a 19433514 
00000001000010011001000000101010 0109902a 17403946
00100010001100110000000000001010 2233000a 573767690
00000010011011111010000000100000 026fa020 40869920
00100000000000100000000000001010 2002000a 537001994
00000000000000001101000000001100 0000d00c 53260