00100000000010000000000000000011 20080003 537395203
00100000000010010000000000000000 20090000 537460736
00000001001010000100100000100000 01284820 19417120
00100001000010001111111111111111 2108ffff 554237951
00010101000000001111111111111101 1500fffd 352387069
00100000000010100000000000101010 200a002a 537526314
00010001010010100000000000000001 114a0001 290062337
00100000000010110000001111100111 200b03e7 537592807
00100000000010010000000000000001 20090001 537460737
00010001001010010000000000000000 11290000 287899648
00100000000011001111111111111111 200cffff 537722879
00010101100000001111111111111110 1580fffe 360775678
00100000000000100000000000001010 2002000a 537001994
00000000000000001101000000001100 0000d00c 53260
