00100000000001000000000000000101 20040005 537133061
00001100000000000000000000001011 0c00000b 201326603
00100000000010000000000000000000 20080000 537395200
00100000000010010000000000000000 20090000 537460736
00100000000010000000000000000000 20080000 537395200
00000001000000001111100000001001 0100f809 16840713
00001000000000000000000000001001 08000009 134217737
00100000000010100000000001111011 200a007b 537526395
00100000000010110000000111001000 200b01c8 537592264
00100000000000100000000000001010 2002000a 537001994
00000000000000001101000000001100 0000d00c 53260
00000000100001000001000000100000 00841020 8654880
00000011111000000000000000001000 03e00008 65011720
00100000000000100000000000000111 20020007 537001991 
00000011111000000000000000001000 03e00008 65011720