00100000000010000000000000000000 20080000 537395200
00100000000010010000000000001000 20090008 537460744
00100000000010100000000000000100 200a0004 537526276
00100000000010110000000000011000 200b0018 537591832
10001101000100000000000000000000 8d100000 -1928331264
00100010000100000000000000000001 22100001 571473921
10101101000100000000000000000000 ad100000 -1391460352
10001101001100010000000000000000 8d310000 -1926168576
10001101001100100000000000000100 8d320004 -1926103036
00000010001100101001100000100000 02329820 36870176
10101101001100110000000000001000 ad330008 -1389166584
10001101011101000000000000000000 8d740000 -1921777664
00100000000101010000000000000010 20150002 538247170
00000010100101010000000000011000 02950018 43319320
00000000000000001011000000010010 0000b012 45074
10101101001101100000000000001100 ad36000c -1388969972
10001101010011000000000000000000 8d4c0000 -1924399104
00000001100000001111100000001001 0180f809 25229321
00100000000000100000000000001010 2002000a 537001994
00000000000000001101000000001100 0000d00c 53260
00100000000001000000000000001000 20040008 537133064
10001100100010000000000000000000 8c880000 -1937244160
10001100100010010000000000000100 8c890004 -1937178620
00000001000010010001000000100000 01091020 17371168
00000011111000000000000000001000 03e00008 65011720
